scanned_at_utc,violation_class,event_slug,event_title,relation_key,flagged_direction,lhs_label,rhs_label,lhs_price,rhs_price,fee_charge,net_violation_per_basket,leg_count,details_json,volume_24h_usd
